
Chn1 Chn2  PAE Dist  Type   ipSAE    ipSAE_d0chn ipSAE_d0dom  ipTM_af  ipTM_d0chn     pDockQ     pDockQ2    LIS       n0res  n0chn  n0dom   d0res   d0chn   d0dom  nres1   nres2   dist1   dist2  Model
A    B     05   05   asym  0.000000    0.000000    0.000000    0.630    0.323584      0.0000     0.0000     0.0800       0    674      0    1.00    8.99    1.00      0       0       0       0   1
B    A     05   05   asym  0.000000    0.000000    0.000000    0.630    0.322407      0.0000     0.0000     0.0804       3    674      0    1.00    8.99    1.00      0       0       0       0   1
A    B     05   05   max   0.000000    0.000000    0.000000    0.630    0.323584      0.0000     0.0000     0.0802       3    674      0    1.00    8.99    1.00      0       0       0       0   1

A    C     05   05   asym  0.490072    0.890362    0.761594    0.630    0.392100      0.5914     0.1231     0.3491     107   1160    368    3.80   11.17    6.96    245     123       9       8   1
C    A     05   05   asym  0.600618    0.884167    0.756992    0.630    0.775400      0.5914     0.0847     0.3178     172   1160    384    4.89   11.17    7.09    167     217      10      13   1
A    C     05   05   max   0.600618    0.890362    0.761594    0.630    0.775400      0.5914     0.1231     0.3334     172   1160    368    4.89   11.17    6.96    245     167      13      10   1

A    D     05   05   asym  0.265176    0.868043    0.584078    0.630    0.354045      0.0183     0.4761     0.3096      61   1160    190    2.64   11.17    5.14    112      78       0       0   1
D    A     05   05   asym  0.341213    0.871102    0.578045    0.630    0.725411      0.0183     0.4539     0.3019      77   1160    180    3.11   11.17    5.00     93      87       0       0   1
A    D     05   05   max   0.341213    0.871102    0.584078    0.630    0.725411      0.0183     0.4761     0.3058      77   1160    190    3.11   11.17    5.14    112      93       0       0   1

B    C     05   05   asym  0.273192    0.868199    0.588205    0.630    0.354200      0.0183     0.4784     0.3100      62   1160    193    2.67   11.17    5.18    113      80       0       0   1
C    B     05   05   asym  0.344556    0.871027    0.583805    0.630    0.727030      0.0183     0.4562     0.3029      77   1160    184    3.11   11.17    5.06     93      91       0       0   1
B    C     05   05   max   0.344556    0.871027    0.588205    0.630    0.727030      0.0183     0.4784     0.3065      77   1160    193    3.11   11.17    5.18    113      93       0       0   1

B    D     05   05   asym  0.488501    0.888889    0.758394    0.630    0.392193      0.5954     0.1252     0.3485     107   1160    367    3.80   11.17    6.96    244     123       9       8   1
D    B     05   05   asym  0.596597    0.885681    0.758024    0.630    0.773716      0.5954     0.0858     0.3173     171   1160    385    4.88   11.17    7.10    166     219      10      13   1
B    D     05   05   max   0.596597    0.888889    0.758394    0.630    0.773716      0.5954     0.1252     0.3329     171   1160    367    4.88   11.17    6.96    244     166      13      10   1

C    D     05   05   asym  0.835658    0.958736    0.897773    0.630    0.458863      0.7058     0.5355     0.5250     252   1646    478    5.87   12.80    7.79    223     255      22      22   1
D    C     05   05   asym  0.835469    0.958679    0.897643    0.630    0.458568      0.7058     0.5358     0.5254     252   1646    478    5.87   12.80    7.79    223     255      22      22   1
C    D     05   05   max   0.835658    0.958736    0.897773    0.630    0.458863      0.7058     0.5358     0.5252     252   1646    478    5.87   12.80    7.79    255     255      22      22   1

