
Chn1 Chn2  PAE Dist  Type   ipSAE    ipSAE_d0chn ipSAE_d0dom  ipTM_af  ipTM_d0chn     pDockQ     pDockQ2    LIS       n0res  n0chn  n0dom   d0res   d0chn   d0dom  nres1   nres2   dist1   dist2  Model
A    B     15   15   asym  0.209371    0.356385    0.307739    0.630    0.323584      0.0000     0.0000     0.0800     282    674    515    6.18    8.99    8.04    224     291       0       0   1
B    A     15   15   asym  0.207644    0.356088    0.306778    0.630    0.322407      0.0000     0.0000     0.0804     287    674    513    6.23    8.99    8.03    223     290       0       0   1
A    B     15   15   max   0.209371    0.356385    0.307739    0.630    0.323584      0.0000     0.0000     0.0802     282    674    515    6.18    8.99    8.04    290     291       0       0   1

A    C     15   15   asym  0.561147    0.765027    0.680795    0.630    0.392100      0.5914     0.1231     0.3491     332   1160    648    6.65   11.17    8.85    307     341     234     127   1
C    A     15   15   asym  0.637458    0.833139    0.756270    0.630    0.775400      0.5914     0.0847     0.3178     308   1160    622    6.44   11.17    8.70    312     310     115     220   1
A    C     15   15   max   0.637458    0.833139    0.756270    0.630    0.775400      0.5914     0.1231     0.3334     308   1160    622    6.44   11.17    8.70    310     341     234     127   1

A    D     15   15   asym  0.484827    0.723377    0.618669    0.630    0.354045      0.0183     0.4761     0.3096     303   1160    606    6.39   11.17    8.61    298     308      10      20   1
D    A     15   15   asym  0.551344    0.780873    0.667257    0.630    0.725411      0.0183     0.4539     0.3019     307   1160    554    6.43   11.17    8.29    246     308      20      10   1
A    D     15   15   max   0.551344    0.780873    0.667257    0.630    0.725411      0.0183     0.4761     0.3058     307   1160    554    6.43   11.17    8.29    308     308      10      20   1

B    C     15   15   asym  0.485892    0.723445    0.618773    0.630    0.354200      0.0183     0.4784     0.3100     303   1160    605    6.39   11.17    8.60    298     307      10      20   1
C    B     15   15   asym  0.553293    0.781611    0.668225    0.630    0.727030      0.0183     0.4562     0.3029     308   1160    554    6.44   11.17    8.29    246     308      20      10   1
B    C     15   15   max   0.553293    0.781611    0.668225    0.630    0.727030      0.0183     0.4784     0.3065     308   1160    554    6.44   11.17    8.29    308     307      10      20   1

B    D     15   15   asym  0.560366    0.763755    0.679430    0.630    0.392193      0.5954     0.1252     0.3485     333   1160    648    6.66   11.17    8.85    307     341     235     128   1
D    B     15   15   asym  0.634528    0.831365    0.753695    0.630    0.773716      0.5954     0.0858     0.3173     308   1160    621    6.44   11.17    8.69    311     310     115     221   1
B    D     15   15   max   0.634528    0.831365    0.753695    0.630    0.773716      0.5954     0.1252     0.3329     308   1160    621    6.44   11.17    8.69    310     341     235     128   1

C    D     15   15   asym  0.753601    0.894099    0.820339    0.630    0.458863      0.7058     0.5355     0.5250     324   1646    609    6.58   12.80    8.62    281     328     197     197   1
D    C     15   15   asym  0.753429    0.893923    0.820159    0.630    0.458568      0.7058     0.5358     0.5254     324   1646    609    6.58   12.80    8.62    281     328     197     198   1
C    D     15   15   max   0.753601    0.894099    0.820339    0.630    0.458863      0.7058     0.5358     0.5252     324   1646    609    6.58   12.80    8.62    328     328     198     197   1

