
Chn1 Chn2  PAE Dist  Type   ipSAE    ipSAE_d0chn ipSAE_d0dom  ipTM_af  ipTM_d0chn     pDockQ     pDockQ2    LIS       n0res  n0chn  n0dom   d0res   d0chn   d0dom  nres1   nres2   dist1   dist2  Model
A    B     10   10   asym  0.011711    0.487847    0.127788    0.630    0.323584      0.0000     0.0000     0.0800      24    674     94    1.00    8.99    3.52     66      28       0       0   1
B    A     10   10   asym  0.011717    0.487950    0.129260    0.630    0.322407      0.0000     0.0000     0.0804      24    674     95    1.00    8.99    3.54     66      29       0       0   1
A    B     10   10   max   0.011717    0.487950    0.129260    0.630    0.323584      0.0000     0.0000     0.0802      24    674     95    1.00    8.99    3.54     66      66       0       0   1

A    C     10   10   asym  0.573782    0.793637    0.702821    0.630    0.392100      0.5914     0.1231     0.3491     304   1160    613    6.40   11.17    8.65    301     312     134      81   1
C    A     10   10   asym  0.641011    0.839158    0.751519    0.630    0.775400      0.5914     0.0847     0.3178     303   1160    575    6.39   11.17    8.42    269     306      64     109   1
A    C     10   10   max   0.641011    0.839158    0.751519    0.630    0.775400      0.5914     0.1231     0.3334     303   1160    575    6.39   11.17    8.42    306     312     134      81   1

A    D     10   10   asym  0.498246    0.767231    0.644861    0.630    0.354045      0.0183     0.4761     0.3096     259   1160    536    5.95   11.17    8.18    277     259       2       4   1
D    A     10   10   asym  0.554001    0.788243    0.661718    0.630    0.725411      0.0183     0.4539     0.3019     300   1160    514    6.36   11.17    8.04    213     301       4       2   1
A    D     10   10   max   0.554001    0.788243    0.661718    0.630    0.725411      0.0183     0.4761     0.3058     300   1160    514    6.36   11.17    8.04    301     259       2       4   1

B    C     10   10   asym  0.499493    0.768041    0.645606    0.630    0.354200      0.0183     0.4784     0.3100     259   1160    535    5.95   11.17    8.17    276     259       2       4   1
C    B     10   10   asym  0.556111    0.789001    0.663089    0.630    0.727030      0.0183     0.4562     0.3029     301   1160    515    6.37   11.17    8.04    214     301       4       2   1
B    C     10   10   max   0.556111    0.789001    0.663089    0.630    0.727030      0.0183     0.4784     0.3065     301   1160    515    6.37   11.17    8.04    301     259       2       4   1

B    D     10   10   asym  0.573827    0.794350    0.703603    0.630    0.392193      0.5954     0.1252     0.3485     303   1160    613    6.39   11.17    8.65    301     312     131      82   1
D    B     10   10   asym  0.638067    0.837420    0.748864    0.630    0.773716      0.5954     0.0858     0.3173     303   1160    574    6.39   11.17    8.41    268     306      64     108   1
B    D     10   10   max   0.638067    0.837420    0.748864    0.630    0.773716      0.5954     0.1252     0.3329     303   1160    574    6.39   11.17    8.41    306     312     131      82   1

C    D     10   10   asym  0.787099    0.932128    0.862482    0.630    0.458863      0.7058     0.5355     0.5250     294   1646    567    6.30   12.80    8.37    261     306     120     119   1
D    C     10   10   asym  0.787435    0.931049    0.860912    0.630    0.458568      0.7058     0.5358     0.5254     294   1646    567    6.30   12.80    8.37    261     306     119     120   1
C    D     10   10   max   0.787435    0.932128    0.862482    0.630    0.458863      0.7058     0.5358     0.5252     294   1646    567    6.30   12.80    8.37    306     306     120     119   1

